   0.0000000e+00   6.1000000e-03   1.3910455e-01
   2.4961169e-01   6.1000000e-03   1.2799108e-01
   4.9922339e-01   6.1000000e-03   1.1277649e-01
   7.4883508e-01   6.1000000e-03   9.5895949e-02
   9.9844677e-01   6.1000000e-03   7.8920237e-02
   1.2480585e+00   6.1000000e-03   6.2616870e-02
   1.4976702e+00   6.1000000e-03   4.7282618e-02
   1.7472818e+00   6.1000000e-03   3.3074774e-02
   1.9968935e+00   6.1000000e-03   2.0170911e-02
   2.2465052e+00   6.1000000e-03   8.8657092e-03
   2.4961169e+00   6.1000000e-03   2.5636943e-04
   2.7457286e+00   6.1000000e-03   1.9470094e-05
   2.9953403e+00   6.1000000e-03   1.6191497e-05
   3.2449520e+00   6.1000000e-03   1.4136487e-05
   3.4945637e+00   6.1000000e-03   1.2584855e-05
   3.7441754e+00   6.1000000e-03   1.1311262e-05
   3.9937871e+00   6.1000000e-03   1.0265200e-05
   4.2433988e+00   6.1000000e-03   9.3764597e-06
   4.4930105e+00   6.1000000e-03   8.5723452e-06
   4.7426222e+00   6.1000000e-03   7.8309184e-06
   4.9922339e+00   6.1000000e-03   7.3932877e-06
   5.2418455e+00   6.1000000e-03   7.1476357e-06
   5.4914572e+00   6.1000000e-03   7.0913595e-06
   5.7410689e+00   6.1000000e-03   7.0136637e-06
   5.9906806e+00   6.1000000e-03   7.0187530e-06
   6.2402923e+00   6.1000000e-03   7.1060209e-06
   6.4899040e+00   6.1000000e-03   7.1076861e-06
   6.7395157e+00   6.1000000e-03   7.1077562e-06
   6.9891274e+00   6.1000000e-03   7.1062731e-06
   7.2387391e+00   6.1000000e-03   7.1059276e-06
   7.4883508e+00   6.1000000e-03   7.1053643e-06
   7.7379625e+00   6.1000000e-03   7.1046104e-06
   7.9875742e+00   6.1000000e-03   7.1045741e-06
   8.2371859e+00   6.1000000e-03   7.1045377e-06
   8.4867976e+00   6.1000000e-03   7.1045014e-06
   8.7364092e+00   6.1000000e-03   7.1044650e-06
   8.9860209e+00   6.1000000e-03   7.1044287e-06
   9.2356326e+00   6.1000000e-03   7.1043923e-06
   9.4852443e+00   6.1000000e-03   7.1043560e-06
   9.7348560e+00   6.1000000e-03   7.1043196e-06
   9.9844677e+00   6.1000000e-03   7.1042833e-06
   1.0234079e+01   6.1000000e-03   7.1042469e-06
   1.0483691e+01   6.1000000e-03   7.1042105e-06
   1.0733303e+01   6.1000000e-03   7.1041742e-06
   1.0982914e+01   6.1000000e-03   7.1041378e-06
   1.1232526e+01   6.1000000e-03   7.1041015e-06
   1.1482138e+01   6.1000000e-03   7.1040651e-06
   1.1731750e+01   6.1000000e-03   7.1040288e-06
   1.1981361e+01   6.1000000e-03   7.1039924e-06
   1.2230973e+01   6.1000000e-03   7.1039561e-06
   1.2480585e+01   6.1000000e-03   7.1039197e-06
   1.2730196e+01   6.1000000e-03   7.1038834e-06
   1.2979808e+01   6.1000000e-03   7.1038470e-06
   1.3229420e+01   6.1000000e-03   7.1038107e-06
   1.3479031e+01   6.1000000e-03   7.1037743e-06
   1.3728643e+01   6.1000000e-03   7.1037380e-06
   1.3978255e+01   6.1000000e-03   7.1037016e-06
   1.4227866e+01   6.1000000e-03   7.1036653e-06
   1.4477478e+01   6.1000000e-03   7.1036289e-06
   1.4727090e+01   6.1000000e-03   7.1035926e-06
   1.4976702e+01   6.1000000e-03   7.1035562e-06
   1.5226313e+01   6.1000000e-03   7.1035263e-06
   1.5475925e+01   6.1000000e-03   7.1035336e-06
   1.5725537e+01   6.1000000e-03   7.1035408e-06
   1.5975148e+01   6.1000000e-03   7.1035481e-06
   1.6224760e+01   6.1000000e-03   7.1035554e-06
   1.6474372e+01   6.1000000e-03   7.1035626e-06
   1.6723983e+01   6.1000000e-03   7.1035699e-06
   1.6973595e+01   6.1000000e-03   7.1035771e-06
   1.7223207e+01   6.1000000e-03   7.1035844e-06
   1.7472818e+01   6.1000000e-03   7.1035917e-06
   1.7722430e+01   6.1000000e-03   7.1035989e-06
   1.7972042e+01   6.1000000e-03   7.1036062e-06
   1.8221654e+01   6.1000000e-03   7.1036135e-06
   1.8471265e+01   6.1000000e-03   7.1036207e-06
   1.8720877e+01   6.1000000e-03   7.1036280e-06
   1.8970489e+01   6.1000000e-03   7.1036352e-06
   1.9220100e+01   6.1000000e-03   7.1036425e-06
   1.9469712e+01   6.1000000e-03   7.1036498e-06
   1.9719324e+01   6.1000000e-03   7.1036570e-06
   1.9968935e+01   6.1000000e-03   7.1036643e-06
   2.0218547e+01   6.1000000e-03   7.1036716e-06
   2.0468159e+01   6.1000000e-03   7.1036788e-06
   2.0717771e+01   6.1000000e-03   7.1036861e-06
   2.0967382e+01   6.1000000e-03   7.1036933e-06
   2.1216994e+01   6.1000000e-03   7.1037006e-06
   2.1466606e+01   6.1000000e-03   7.1037079e-06
   2.1716217e+01   6.1000000e-03   7.1037151e-06
   2.1965829e+01   6.1000000e-03   7.1037224e-06
   2.2215441e+01   6.1000000e-03   7.1037297e-06
   2.2465052e+01   6.1000000e-03   7.1037369e-06
   2.2714664e+01   6.1000000e-03   7.1037411e-06
   2.2964276e+01   6.1000000e-03   7.1037368e-06
   2.3213887e+01   6.1000000e-03   7.1037325e-06
   2.3463499e+01   6.1000000e-03   7.1037281e-06
   2.3713111e+01   6.1000000e-03   7.1037238e-06
   2.3962723e+01   6.1000000e-03   7.1037195e-06
   2.4212334e+01   6.1000000e-03   7.1037151e-06
   2.4461946e+01   6.1000000e-03   7.1037108e-06
   2.4711558e+01   6.1000000e-03   7.1037065e-06
   2.4961169e+01   6.1000000e-03   7.1037021e-06
   2.5210781e+01   6.1000000e-03   7.1036978e-06
   2.5460393e+01   6.1000000e-03   7.1036935e-06
   2.5710004e+01   6.1000000e-03   7.1036891e-06
   2.5959616e+01   6.1000000e-03   7.1036848e-06
   2.6209228e+01   6.1000000e-03   7.1036805e-06
   2.6458839e+01   6.1000000e-03   7.1036761e-06
   2.6708451e+01   6.1000000e-03   7.1036718e-06
   2.6958063e+01   6.1000000e-03   7.1036675e-06
   2.7207675e+01   6.1000000e-03   7.1036631e-06
   2.7457286e+01   6.1000000e-03   7.1036588e-06
   2.7706898e+01   6.1000000e-03   7.1036545e-06
   2.7956510e+01   6.1000000e-03   7.1036502e-06
   2.8206121e+01   6.1000000e-03   7.1036458e-06
   2.8455733e+01   6.1000000e-03   7.1036415e-06
   2.8705345e+01   6.1000000e-03   7.1036372e-06
   2.8954956e+01   6.1000000e-03   7.1036328e-06
   2.9204568e+01   6.1000000e-03   7.1036285e-06
   2.9454180e+01   6.1000000e-03   7.1036242e-06
   2.9703791e+01   6.1000000e-03   7.1036198e-06
   2.9953403e+01   6.1000000e-03   7.1036155e-06
   3.0203015e+01   6.1000000e-03   7.1036129e-06
   3.0452627e+01   6.1000000e-03   7.1036131e-06
   3.0702238e+01   6.1000000e-03   7.1036134e-06
   3.0951850e+01   6.1000000e-03   7.1036136e-06
   3.1201462e+01   6.1000000e-03   7.1036139e-06
   3.1451073e+01   6.1000000e-03   7.1036141e-06
   3.1700685e+01   6.1000000e-03   7.1036143e-06
   3.1950297e+01   6.1000000e-03   7.1036146e-06
   3.2199908e+01   6.1000000e-03   7.1036148e-06
   3.2449520e+01   6.1000000e-03   7.1036151e-06
   3.2699132e+01   6.1000000e-03   7.1036153e-06
   3.2948743e+01   6.1000000e-03   7.1036155e-06
   3.3198355e+01   6.1000000e-03   7.1036158e-06
   3.3447967e+01   6.1000000e-03   7.1036160e-06
   3.3697579e+01   6.1000000e-03   7.1036162e-06
   3.3947190e+01   6.1000000e-03   7.1036165e-06
   3.4196802e+01   6.1000000e-03   7.1036167e-06
   3.4446414e+01   6.1000000e-03   7.1036170e-06
   3.4696025e+01   6.1000000e-03   7.1036172e-06
   3.4945637e+01   6.1000000e-03   7.1036174e-06
   3.5195249e+01   6.1000000e-03   7.1036177e-06
   3.5444860e+01   6.1000000e-03   7.1036179e-06
   3.5694472e+01   6.1000000e-03   7.1036182e-06
   3.5944084e+01   6.1000000e-03   7.1036184e-06
   3.6193695e+01   6.1000000e-03   7.1036186e-06
   3.6443307e+01   6.1000000e-03   7.1036189e-06
   3.6692919e+01   6.1000000e-03   7.1036191e-06
   3.6942531e+01   6.1000000e-03   7.1036193e-06
   3.7192142e+01   6.1000000e-03   7.1036196e-06
   3.7441754e+01   6.1000000e-03   7.1036198e-06
   3.7691366e+01   6.1000000e-03   7.1036201e-06
   3.7940977e+01   6.1000000e-03   7.1036203e-06
   3.8190589e+01   6.1000000e-03   7.1036205e-06
   3.8440201e+01   6.1000000e-03   7.1036208e-06
   3.8689812e+01   6.1000000e-03   7.1036210e-06
   3.8939424e+01   6.1000000e-03   7.1036213e-06
   3.9189036e+01   6.1000000e-03   7.1036215e-06
   3.9438647e+01   6.1000000e-03   7.1036217e-06
   3.9688259e+01   6.1000000e-03   7.1036220e-06
   3.9937871e+01   6.1000000e-03   7.1036222e-06
   4.0187483e+01   6.1000000e-03   7.1036224e-06
   4.0437094e+01   6.1000000e-03   7.1036227e-06
   4.0686706e+01   6.1000000e-03   7.1036229e-06
   4.0936318e+01   6.1000000e-03   7.1036232e-06
   4.1185929e+01   6.1000000e-03   7.1036234e-06
   4.1435541e+01   6.1000000e-03   7.1036236e-06
   4.1685153e+01   6.1000000e-03   7.1036239e-06
   4.1934764e+01   6.1000000e-03   7.1036241e-06
   4.2184376e+01   6.1000000e-03   7.1036244e-06
   4.2433988e+01   6.1000000e-03   7.1036246e-06
   4.2683599e+01   6.1000000e-03   7.1036248e-06
   4.2933211e+01   6.1000000e-03   7.1036251e-06
   4.3182823e+01   6.1000000e-03   7.1036253e-06
   4.3432435e+01   6.1000000e-03   7.1036255e-06
   4.3682046e+01   6.1000000e-03   7.1036258e-06
   4.3931658e+01   6.1000000e-03   7.1036260e-06
   4.4181270e+01   6.1000000e-03   7.1036263e-06
   4.4430881e+01   6.1000000e-03   7.1036265e-06
   4.4680493e+01   6.1000000e-03   7.1036267e-06
   4.4930105e+01   6.1000000e-03   7.1036270e-06
   4.5179716e+01   6.1000000e-03   7.1036272e-06
   4.5429328e+01   6.1000000e-03   7.1036275e-06
   4.5678940e+01   6.1000000e-03   7.1036277e-06
   4.5928551e+01   6.1000000e-03   7.1036279e-06
   4.6178163e+01   6.1000000e-03   7.1036282e-06
   4.6427775e+01   6.1000000e-03   7.1036284e-06
   4.6677387e+01   6.1000000e-03   7.1036286e-06
   4.6926998e+01   6.1000000e-03   7.1036289e-06
   4.7176610e+01   6.1000000e-03   7.1036291e-06
   4.7426222e+01   6.1000000e-03   7.1036294e-06
   4.7675833e+01   6.1000000e-03   7.1036296e-06
   4.7925445e+01   6.1000000e-03   7.1036298e-06
   4.8175057e+01   6.1000000e-03   7.1036301e-06
   4.8424668e+01   6.1000000e-03   7.1036303e-06
   4.8674280e+01   6.1000000e-03   7.1036306e-06
   4.8923892e+01   6.1000000e-03   7.1036308e-06
   4.9173503e+01   6.1000000e-03   7.1036310e-06
   4.9423115e+01   6.1000000e-03   7.1036313e-06
   4.9672727e+01   6.1000000e-03   7.1036315e-06
   4.9922339e+01   6.1000000e-03   7.1036318e-06
   5.0171950e+01   6.1000000e-03   7.1036320e-06
   5.0421562e+01   6.1000000e-03   7.1036322e-06
   5.0671174e+01   6.1000000e-03   7.1036325e-06
   5.0920785e+01   6.1000000e-03   7.1036327e-06
   5.1170397e+01   6.1000000e-03   7.1036329e-06
   5.1420009e+01   6.1000000e-03   7.1036332e-06
   5.1669620e+01   6.1000000e-03   7.1036334e-06
   5.1919232e+01   6.1000000e-03   7.1036337e-06
   5.2168844e+01   6.1000000e-03   7.1036339e-06
   5.2418455e+01   6.1000000e-03   7.1036341e-06
   5.2668067e+01   6.1000000e-03   7.1036344e-06
   5.2917679e+01   6.1000000e-03   7.1036346e-06
   5.3167291e+01   6.1000000e-03   7.1036349e-06
   5.3416902e+01   6.1000000e-03   7.1036351e-06
   5.3666514e+01   6.1000000e-03   7.1036353e-06
   5.3916126e+01   6.1000000e-03   7.1036356e-06
   5.4165737e+01   6.1000000e-03   7.1036358e-06
   5.4415349e+01   6.1000000e-03   7.1036360e-06
   5.4664961e+01   6.1000000e-03   7.1036363e-06
   5.4914572e+01   6.1000000e-03   7.1036365e-06
   5.5164184e+01   6.1000000e-03   7.1036367e-06
   5.5413796e+01   6.1000000e-03   7.1036367e-06
   5.5663407e+01   6.1000000e-03   7.1036367e-06
   5.5913019e+01   6.1000000e-03   7.1036367e-06
   5.6162631e+01   6.1000000e-03   7.1036367e-06
   5.6412243e+01   6.1000000e-03   7.1036367e-06
   5.6661854e+01   6.1000000e-03   7.1036367e-06
   5.6911466e+01   6.1000000e-03   7.1036368e-06
   5.7161078e+01   6.1000000e-03   7.1036368e-06
   5.7410689e+01   6.1000000e-03   7.1036368e-06
   5.7660301e+01   6.1000000e-03   7.1036368e-06
   5.7909913e+01   6.1000000e-03   7.1036368e-06
   5.8159524e+01   6.1000000e-03   7.1036368e-06
   5.8409136e+01   6.1000000e-03   7.1036369e-06
   5.8658748e+01   6.1000000e-03   7.1036369e-06
   5.8908360e+01   6.1000000e-03   7.1036369e-06
   5.9157971e+01   6.1000000e-03   7.1036369e-06
   5.9407583e+01   6.1000000e-03   7.1036369e-06
   5.9657195e+01   6.1000000e-03   7.1036369e-06
   5.9906806e+01   6.1000000e-03   7.1036370e-06
   6.0156418e+01   6.1000000e-03   7.1036370e-06
   6.0406030e+01   6.1000000e-03   7.1036370e-06
   6.0655641e+01   6.1000000e-03   7.1036370e-06
   6.0905253e+01   6.1000000e-03   7.1036370e-06
   6.1154865e+01   6.1000000e-03   7.1036370e-06
   6.1404476e+01   6.1000000e-03   7.1036371e-06
   6.1654088e+01   6.1000000e-03   7.1036371e-06
   6.1903700e+01   6.1000000e-03   7.1036371e-06
   6.2153312e+01   6.1000000e-03   7.1036371e-06
   6.2402923e+01   6.1000000e-03   7.1036371e-06
   6.2652535e+01   6.1000000e-03   7.1036371e-06
   6.2902147e+01   6.1000000e-03   7.1036371e-06
   6.3151758e+01   6.1000000e-03   7.1036372e-06
   6.3401370e+01   6.1000000e-03   7.1036372e-06
   6.3650982e+01   6.1000000e-03   7.1036372e-06
   6.3900593e+01   6.1000000e-03   7.1036372e-06
   6.4150205e+01   6.1000000e-03   7.1036372e-06
   6.4399817e+01   6.1000000e-03   7.1036372e-06
   6.4649428e+01   6.1000000e-03   7.1036373e-06
   6.4899040e+01   6.1000000e-03   7.1036373e-06
   6.5148652e+01   6.1000000e-03   7.1036373e-06
   6.5398264e+01   6.1000000e-03   7.1036373e-06
   6.5647875e+01   6.1000000e-03   7.1036373e-06
   6.5897487e+01   6.1000000e-03   7.1036373e-06
   6.6147099e+01   6.1000000e-03   7.1036374e-06
   6.6396710e+01   6.1000000e-03   7.1036374e-06
   6.6646322e+01   6.1000000e-03   7.1036374e-06
   6.6895934e+01   6.1000000e-03   7.1036374e-06
   6.7145545e+01   6.1000000e-03   7.1036374e-06
   6.7395157e+01   6.1000000e-03   7.1036374e-06
   6.7644769e+01   6.1000000e-03   7.1036374e-06
   6.7894380e+01   6.1000000e-03   7.1036375e-06
   6.8143992e+01   6.1000000e-03   7.1036375e-06
   6.8393604e+01   6.1000000e-03   7.1036375e-06
   6.8643216e+01   6.1000000e-03   7.1036375e-06
   6.8892827e+01   6.1000000e-03   7.1036375e-06
   6.9142439e+01   6.1000000e-03   7.1036375e-06
   6.9392051e+01   6.1000000e-03   7.1036376e-06
   6.9641662e+01   6.1000000e-03   7.1036376e-06
   6.9891274e+01   6.1000000e-03   7.1036376e-06
   7.0140886e+01   6.1000000e-03   7.1036376e-06
   7.0390497e+01   6.1000000e-03   7.1036376e-06
   7.0640109e+01   6.1000000e-03   7.1036376e-06
   7.0889721e+01   6.1000000e-03   7.1036377e-06
   7.1139332e+01   6.1000000e-03   7.1036377e-06
   7.1388944e+01   6.1000000e-03   7.1036377e-06
   7.1638556e+01   6.1000000e-03   7.1036377e-06
   7.1888168e+01   6.1000000e-03   7.1036377e-06
   7.2137779e+01   6.1000000e-03   7.1036377e-06
   7.2387391e+01   6.1000000e-03   7.1036378e-06
   7.2637003e+01   6.1000000e-03   7.1036378e-06
   7.2886614e+01   6.1000000e-03   7.1036378e-06
   7.3136226e+01   6.1000000e-03   7.1036378e-06
   7.3385838e+01   6.1000000e-03   7.1036378e-06
   7.3635449e+01   6.1000000e-03   7.1036378e-06
   7.3885061e+01   6.1000000e-03   7.1036378e-06
   7.4134673e+01   6.1000000e-03   7.1036379e-06
   7.4384284e+01   6.1000000e-03   7.1036379e-06
   7.4633896e+01   6.1000000e-03   7.1036379e-06
   7.4883508e+01   6.1000000e-03   7.1036379e-06
   7.5133120e+01   6.1000000e-03   7.1036379e-06
   7.5382731e+01   6.1000000e-03   7.1036379e-06
   7.5632343e+01   6.1000000e-03   7.1036380e-06
   7.5881955e+01   6.1000000e-03   7.1036380e-06
   7.6131566e+01   6.1000000e-03   7.1036380e-06
   7.6381178e+01   6.1000000e-03   7.1036380e-06
   7.6630790e+01   6.1000000e-03   7.1036380e-06
   7.6880401e+01   6.1000000e-03   7.1036380e-06
   7.7130013e+01   6.1000000e-03   7.1036381e-06
   7.7379625e+01   6.1000000e-03   7.1036381e-06
   7.7629236e+01   6.1000000e-03   7.1036381e-06
   7.7878848e+01   6.1000000e-03   7.1036381e-06
   7.8128460e+01   6.1000000e-03   7.1036381e-06
   7.8378072e+01   6.1000000e-03   7.1036381e-06
   7.8627683e+01   6.1000000e-03   7.1036381e-06
   7.8877295e+01   6.1000000e-03   7.1036382e-06
   7.9126907e+01   6.1000000e-03   7.1036382e-06
   7.9376518e+01   6.1000000e-03   7.1036382e-06
   7.9626130e+01   6.1000000e-03   7.1036382e-06
   7.9875742e+01   6.1000000e-03   7.1036382e-06
   8.0125353e+01   6.1000000e-03   7.1036382e-06
   8.0374965e+01   6.1000000e-03   7.1036383e-06
   8.0624577e+01   6.1000000e-03   7.1036383e-06
   8.0874188e+01   6.1000000e-03   7.1036383e-06
   8.1123800e+01   6.1000000e-03   7.1036383e-06
   8.1373412e+01   6.1000000e-03   7.1036383e-06
   8.1623024e+01   6.1000000e-03   7.1036383e-06
   8.1872635e+01   6.1000000e-03   7.1036384e-06
   8.2122247e+01   6.1000000e-03   7.1036384e-06
   8.2371859e+01   6.1000000e-03   7.1036384e-06
   8.2621470e+01   6.1000000e-03   7.1036384e-06
   8.2871082e+01   6.1000000e-03   7.1036384e-06
   8.3120694e+01   6.1000000e-03   7.1036385e-06
   8.3370305e+01   6.1000000e-03   7.1036385e-06
   8.3619917e+01   6.1000000e-03   7.1036385e-06
   8.3869529e+01   6.1000000e-03   7.1036385e-06
   8.4119140e+01   6.1000000e-03   7.1036385e-06
   8.4368752e+01   6.1000000e-03   7.1036385e-06
   8.4618364e+01   6.1000000e-03   7.1036386e-06
   8.4867976e+01   6.1000000e-03   7.1036386e-06
   8.5117587e+01   6.1000000e-03   7.1036386e-06
   8.5367199e+01   6.1000000e-03   7.1036386e-06
   8.5616811e+01   6.1000000e-03   7.1036386e-06
   8.5866422e+01   6.1000000e-03   7.1036386e-06
   8.6116034e+01   6.1000000e-03   7.1036387e-06
   8.6365646e+01   6.1000000e-03   7.1036387e-06
   8.6615257e+01   6.1000000e-03   7.1036387e-06
   8.6864869e+01   6.1000000e-03   7.1036387e-06
   8.7114481e+01   6.1000000e-03   7.1036387e-06
   8.7364092e+01   6.1000000e-03   7.1036388e-06
   8.7613704e+01   6.1000000e-03   7.1036388e-06
   8.7863316e+01   6.1000000e-03   7.1036388e-06
   8.8112928e+01   6.1000000e-03   7.1036388e-06
   8.8362539e+01   6.1000000e-03   7.1036388e-06
   8.8612151e+01   6.1000000e-03   7.1036388e-06
   8.8861763e+01   6.1000000e-03   7.1036389e-06
   8.9111374e+01   6.1000000e-03   7.1036389e-06
   8.9360986e+01   6.1000000e-03   7.1036389e-06
   8.9610598e+01   6.1000000e-03   7.1036389e-06
   8.9860209e+01   6.1000000e-03   7.1036389e-06
   9.0109821e+01   6.1000000e-03   7.1036389e-06
   9.0359433e+01   6.1000000e-03   7.1036390e-06
   9.0609044e+01   6.1000000e-03   7.1036390e-06
   9.0858656e+01   6.1000000e-03   7.1036390e-06
   9.1108268e+01   6.1000000e-03   7.1036390e-06
   9.1357880e+01   6.1000000e-03   7.1036390e-06
   9.1607491e+01   6.1000000e-03   7.1036391e-06
   9.1857103e+01   6.1000000e-03   7.1036391e-06
   9.2106715e+01   6.1000000e-03   7.1036391e-06
   9.2356326e+01   6.1000000e-03   7.1036391e-06
   9.2605938e+01   6.1000000e-03   7.1036391e-06
   9.2855550e+01   6.1000000e-03   7.1036391e-06
   9.3105161e+01   6.1000000e-03   7.1036392e-06
   9.3354773e+01   6.1000000e-03   7.1036392e-06
   9.3604385e+01   6.1000000e-03   7.1036392e-06
   9.3853996e+01   6.1000000e-03   7.1036392e-06
   9.4103608e+01   6.1000000e-03   7.1036392e-06
   9.4353220e+01   6.1000000e-03   7.1036392e-06
   9.4602832e+01   6.1000000e-03   7.1036393e-06
   9.4852443e+01   6.1000000e-03   7.1036393e-06
   9.5102055e+01   6.1000000e-03   7.1036393e-06
   9.5351667e+01   6.1000000e-03   7.1036393e-06
   9.5601278e+01   6.1000000e-03   7.1036393e-06
   9.5850890e+01   6.1000000e-03   7.1036394e-06
   9.6100502e+01   6.1000000e-03   7.1036394e-06
   9.6350113e+01   6.1000000e-03   7.1036394e-06
   9.6599725e+01   6.1000000e-03   7.1036394e-06
   9.6849337e+01   6.1000000e-03   7.1036394e-06
   9.7098949e+01   6.1000000e-03   7.1036394e-06
   9.7348560e+01   6.1000000e-03   7.1036395e-06
   9.7598172e+01   6.1000000e-03   7.1036395e-06
   9.7847784e+01   6.1000000e-03   7.1036395e-06
   9.8097395e+01   6.1000000e-03   7.1036395e-06
   9.8347007e+01   6.1000000e-03   7.1036395e-06
   9.8596619e+01   6.1000000e-03   7.1036395e-06
   9.8846230e+01   6.1000000e-03   7.1036396e-06
   9.9095842e+01   6.1000000e-03   7.1036396e-06
   9.9345454e+01   6.1000000e-03   7.1036396e-06
   9.9595065e+01   6.1000000e-03   7.1036396e-06
   9.9844677e+01   6.1000000e-03   7.1036396e-06
   1.0009429e+02   6.1000000e-03   7.1036397e-06
   1.0034390e+02   6.1000000e-03   7.1036397e-06
   1.0059351e+02   6.1000000e-03   7.1036397e-06
   1.0084312e+02   6.1000000e-03   7.1036397e-06
   1.0109274e+02   6.1000000e-03   7.1036397e-06
   1.0134235e+02   6.1000000e-03   7.1036397e-06
   1.0159196e+02   6.1000000e-03   7.1036398e-06
   1.0184157e+02   6.1000000e-03   7.1036398e-06
   1.0209118e+02   6.1000000e-03   7.1036398e-06
   1.0234079e+02   6.1000000e-03   7.1036398e-06
   1.0259041e+02   6.1000000e-03   7.1036398e-06
   1.0284002e+02   6.1000000e-03   7.1036398e-06
   1.0308963e+02   6.1000000e-03   7.1036399e-06
   1.0333924e+02   6.1000000e-03   7.1036399e-06
   1.0358885e+02   6.1000000e-03   7.1036399e-06
   1.0383846e+02   6.1000000e-03   7.1036399e-06
   1.0408808e+02   6.1000000e-03   7.1036399e-06
   1.0433769e+02   6.1000000e-03   7.1036400e-06
   1.0458730e+02   6.1000000e-03   7.1036400e-06
   1.0483691e+02   6.1000000e-03   7.1036400e-06
   1.0508652e+02   6.1000000e-03   7.1036400e-06
   1.0533613e+02   6.1000000e-03   7.1036400e-06
   1.0558575e+02   6.1000000e-03   7.1036400e-06
   1.0583536e+02   6.1000000e-03   7.1036400e-06
   1.0608497e+02   6.1000000e-03   7.1036400e-06
   1.0633458e+02   6.1000000e-03   7.1036400e-06
   1.0658419e+02   6.1000000e-03   7.1036400e-06
   1.0683380e+02   6.1000000e-03   7.1036400e-06
   1.0708342e+02   6.1000000e-03   7.1036400e-06
   1.0733303e+02   6.1000000e-03   7.1036400e-06
   1.0758264e+02   6.1000000e-03   7.1036400e-06
   1.0783225e+02   6.1000000e-03   7.1036400e-06
   1.0808186e+02   6.1000000e-03   7.1036400e-06
   1.0833147e+02   6.1000000e-03   7.1036400e-06
   1.0858109e+02   6.1000000e-03   7.1036400e-06
   1.0883070e+02   6.1000000e-03   7.1036400e-06
   1.0908031e+02   6.1000000e-03   7.1036400e-06
   1.0932992e+02   6.1000000e-03   7.1036400e-06
   1.0957953e+02   6.1000000e-03   7.1036400e-06
   1.0982914e+02   6.1000000e-03   7.1036400e-06
   1.1007876e+02   6.1000000e-03   7.1036400e-06
   1.1032837e+02   6.1000000e-03   7.1036400e-06
   1.1057798e+02   6.1000000e-03   7.1036400e-06
   1.1082759e+02   6.1000000e-03   7.1036400e-06
   1.1107720e+02   6.1000000e-03   7.1036400e-06
   1.1132681e+02   6.1000000e-03   7.1036399e-06
   1.1157643e+02   6.1000000e-03   7.1036399e-06
   1.1182604e+02   6.1000000e-03   7.1036399e-06
   1.1207565e+02   6.1000000e-03   7.1036399e-06
   1.1232526e+02   6.1000000e-03   7.1036399e-06
   1.1257487e+02   6.1000000e-03   7.1036399e-06
   1.1282449e+02   6.1000000e-03   7.1036399e-06
   1.1307410e+02   6.1000000e-03   7.1036399e-06
   1.1332371e+02   6.1000000e-03   7.1036399e-06
   1.1357332e+02   6.1000000e-03   7.1036399e-06
   1.1382293e+02   6.1000000e-03   7.1036399e-06
   1.1407254e+02   6.1000000e-03   7.1036399e-06
   1.1432216e+02   6.1000000e-03   7.1036399e-06
   1.1457177e+02   6.1000000e-03   7.1036399e-06
   1.1482138e+02   6.1000000e-03   7.1036399e-06
   1.1507099e+02   6.1000000e-03   7.1036399e-06
   1.1532060e+02   6.1000000e-03   7.1036399e-06
   1.1557021e+02   6.1000000e-03   7.1036399e-06
   1.1581983e+02   6.1000000e-03   7.1036399e-06
   1.1606944e+02   6.1000000e-03   7.1036399e-06
   1.1631905e+02   6.1000000e-03   7.1036399e-06
   1.1656866e+02   6.1000000e-03   7.1036399e-06
   1.1681827e+02   6.1000000e-03   7.1036399e-06
   1.1706788e+02   6.1000000e-03   7.1036399e-06
   1.1731750e+02   6.1000000e-03   7.1036399e-06
   1.1756711e+02   6.1000000e-03   7.1036399e-06
   1.1781672e+02   6.1000000e-03   7.1036399e-06
   1.1806633e+02   6.1000000e-03   7.1036399e-06
   1.1831594e+02   6.1000000e-03   7.1036399e-06
   1.1856555e+02   6.1000000e-03   7.1036399e-06
   1.1881517e+02   6.1000000e-03   7.1036399e-06
   1.1906478e+02   6.1000000e-03   7.1036399e-06
   1.1931439e+02   6.1000000e-03   7.1036399e-06
   1.1956400e+02   6.1000000e-03   7.1036399e-06
   1.1981361e+02   6.1000000e-03   7.1036399e-06
   1.2006322e+02   6.1000000e-03   7.1036399e-06
   1.2031284e+02   6.1000000e-03   7.1036399e-06
   1.2056245e+02   6.1000000e-03   7.1036399e-06
   1.2081206e+02   6.1000000e-03   7.1036399e-06
   1.2106167e+02   6.1000000e-03   7.1036399e-06
   1.2131128e+02   6.1000000e-03   7.1036399e-06
   1.2156089e+02   6.1000000e-03   7.1036399e-06
   1.2181051e+02   6.1000000e-03   7.1036399e-06
   1.2206012e+02   6.1000000e-03   7.1036399e-06
   1.2230973e+02   6.1000000e-03   7.1036399e-06
   1.2255934e+02   6.1000000e-03   7.1036399e-06
   1.2280895e+02   6.1000000e-03   7.1036399e-06
   1.2305856e+02   6.1000000e-03   7.1036399e-06
   1.2330818e+02   6.1000000e-03   7.1036399e-06
   1.2355779e+02   6.1000000e-03   7.1036399e-06
   1.2380740e+02   6.1000000e-03   7.1036399e-06
   1.2405701e+02   6.1000000e-03   7.1036399e-06
   1.2430662e+02   6.1000000e-03   7.1036399e-06
   1.2455623e+02   6.1000000e-03   7.1036399e-06
   1.2480585e+02   6.1000000e-03   7.1036399e-06
   1.2505546e+02   6.1000000e-03   7.1036399e-06
   1.2530507e+02   6.1000000e-03   7.1036399e-06
   1.2555468e+02   6.1000000e-03   7.1036399e-06
   1.2580429e+02   6.1000000e-03   7.1036399e-06
   1.2605390e+02   6.1000000e-03   7.1036399e-06
   1.2630352e+02   6.1000000e-03   7.1036399e-06
   1.2655313e+02   6.1000000e-03   7.1036398e-06
   1.2680274e+02   6.1000000e-03   7.1036398e-06
   1.2705235e+02   6.1000000e-03   7.1036398e-06
   1.2730196e+02   6.1000000e-03   7.1036398e-06
   1.2755158e+02   6.1000000e-03   7.1036398e-06
   1.2780119e+02   6.1000000e-03   7.1036398e-06
   1.2805080e+02   6.1000000e-03   7.1036398e-06
   1.2830041e+02   6.1000000e-03   7.1036398e-06
   1.2855002e+02   6.1000000e-03   7.1036398e-06
   1.2879963e+02   6.1000000e-03   7.1036398e-06
   1.2904925e+02   6.1000000e-03   7.1036398e-06
   1.2929886e+02   6.1000000e-03   7.1036398e-06
   1.2954847e+02   6.1000000e-03   7.1036398e-06
   1.2979808e+02   6.1000000e-03   7.1036398e-06
   1.3004769e+02   6.1000000e-03   7.1036398e-06
   1.3029730e+02   6.1000000e-03   7.1036398e-06
   1.3054692e+02   6.1000000e-03   7.1036398e-06
   1.3079653e+02   6.1000000e-03   7.1036398e-06
   1.3104614e+02   6.1000000e-03   7.1036398e-06
   1.3129575e+02   6.1000000e-03   7.1036398e-06
   1.3154536e+02   6.1000000e-03   7.1036398e-06
   1.3179497e+02   6.1000000e-03   7.1036398e-06
   1.3204459e+02   6.1000000e-03   7.1036398e-06
   1.3229420e+02   6.1000000e-03   7.1036398e-06
   1.3254381e+02   6.1000000e-03   7.1036398e-06
   1.3279342e+02   6.1000000e-03   7.1036398e-06
   1.3304303e+02   6.1000000e-03   7.1036398e-06
   1.3329264e+02   6.1000000e-03   7.1036399e-06
   1.3354226e+02   6.1000000e-03   7.1036399e-06
   1.3379187e+02   6.1000000e-03   7.1036399e-06
   1.3404148e+02   6.1000000e-03   7.1036399e-06
   1.3429109e+02   6.1000000e-03   7.1036399e-06
   1.3454070e+02   6.1000000e-03   7.1036399e-06
   1.3479031e+02   6.1000000e-03   7.1036399e-06
   1.3503993e+02   6.1000000e-03   7.1036399e-06
   1.3528954e+02   6.1000000e-03   7.1036399e-06
   1.3553915e+02   6.1000000e-03   7.1036399e-06
   1.3578876e+02   6.1000000e-03   7.1036399e-06
   1.3603837e+02   6.1000000e-03   7.1036399e-06
   1.3628798e+02   6.1000000e-03   7.1036399e-06
   1.3653760e+02   6.1000000e-03   7.1036399e-06
   1.3678721e+02   6.1000000e-03   7.1036399e-06
   1.3703682e+02   6.1000000e-03   7.1036399e-06
   1.3728643e+02   6.1000000e-03   7.1036399e-06
   1.3753604e+02   6.1000000e-03   7.1036399e-06
   1.3778565e+02   6.1000000e-03   7.1036399e-06
   1.3803527e+02   6.1000000e-03   7.1036399e-06
   1.3828488e+02   6.1000000e-03   7.1036399e-06
   1.3853449e+02   6.1000000e-03   7.1036399e-06
   1.3878410e+02   6.1000000e-03   7.1036399e-06
   1.3903371e+02   6.1000000e-03   7.1036399e-06
   1.3928332e+02   6.1000000e-03   7.1036399e-06
   1.3953294e+02   6.1000000e-03   7.1036399e-06
   1.3978255e+02   6.1000000e-03   7.1036399e-06
   1.4003216e+02   6.1000000e-03   7.1036399e-06
   1.4028177e+02   6.1000000e-03   7.1036399e-06
   1.4053138e+02   6.1000000e-03   7.1036399e-06
   1.4078099e+02   6.1000000e-03   7.1036399e-06
   1.4103061e+02   6.1000000e-03   7.1036399e-06
   1.4128022e+02   6.1000000e-03   7.1036399e-06
   1.4152983e+02   6.1000000e-03   7.1036399e-06
   1.4177944e+02   6.1000000e-03   7.1036399e-06
   1.4202905e+02   6.1000000e-03   7.1036399e-06
   1.4227866e+02   6.1000000e-03   7.1036399e-06
   1.4252828e+02   6.1000000e-03   7.1036399e-06
   1.4277789e+02   6.1000000e-03   7.1036399e-06
   1.4302750e+02   6.1000000e-03   7.1036399e-06
   1.4327711e+02   6.1000000e-03   7.1036399e-06
   1.4352672e+02   6.1000000e-03   7.1036399e-06
   1.4377634e+02   6.1000000e-03   7.1036399e-06
   1.4402595e+02   6.1000000e-03   7.1036399e-06
   1.4427556e+02   6.1000000e-03   7.1036399e-06
   1.4452517e+02   6.1000000e-03   7.1036399e-06
   1.4477478e+02   6.1000000e-03   7.1036399e-06
   1.4502439e+02   6.1000000e-03   7.1036399e-06
   1.4527401e+02   6.1000000e-03   7.1036399e-06
   1.4552362e+02   6.1000000e-03   7.1036399e-06
   1.4577323e+02   6.1000000e-03   7.1036399e-06
   1.4602284e+02   6.1000000e-03   7.1036399e-06
   1.4627245e+02   6.1000000e-03   7.1036399e-06
   1.4652206e+02   6.1000000e-03   7.1036399e-06
   1.4677168e+02   6.1000000e-03   7.1036399e-06
   1.4702129e+02   6.1000000e-03   7.1036399e-06
   1.4727090e+02   6.1000000e-03   7.1036400e-06
   1.4752051e+02   6.1000000e-03   7.1036400e-06
   1.4777012e+02   6.1000000e-03   7.1036400e-06
   1.4801973e+02   6.1000000e-03   7.1036400e-06
   1.4826935e+02   6.1000000e-03   7.1036400e-06
   1.4851896e+02   6.1000000e-03   7.1036400e-06
   1.4876857e+02   6.1000000e-03   7.1036400e-06
   1.4901818e+02   6.1000000e-03   7.1036400e-06
   1.4926779e+02   6.1000000e-03   7.1036400e-06
   1.4951740e+02   6.1000000e-03   7.1036400e-06
   1.4976702e+02   6.1000000e-03   7.1036400e-06
   1.5001663e+02   6.1000000e-03   7.1036400e-06
   1.5026624e+02   6.1000000e-03   7.1036400e-06
   1.5051585e+02   6.1000000e-03   7.1036400e-06
   1.5076546e+02   6.1000000e-03   7.1036400e-06
   1.5101507e+02   6.1000000e-03   7.1036400e-06
   1.5126469e+02   6.1000000e-03   7.1036400e-06
   1.5151430e+02   6.1000000e-03   7.1036400e-06
   1.5176391e+02   6.1000000e-03   7.1036400e-06
   1.5201352e+02   6.1000000e-03   7.1036400e-06
   1.5226313e+02   6.1000000e-03   7.1036400e-06
   1.5251274e+02   6.1000000e-03   7.1036400e-06
   1.5276236e+02   6.1000000e-03   7.1036400e-06
   1.5301197e+02   6.1000000e-03   7.1036400e-06
   1.5326158e+02   6.1000000e-03   7.1036400e-06
   1.5351119e+02   6.1000000e-03   7.1036400e-06
   1.5376080e+02   6.1000000e-03   7.1036400e-06
   1.5401041e+02   6.1000000e-03   7.1036400e-06
   1.5426003e+02   6.1000000e-03   7.1036400e-06
   1.5450964e+02   6.1000000e-03   7.1036400e-06
   1.5475925e+02   6.1000000e-03   7.1036400e-06
   1.5500886e+02   6.1000000e-03   7.1036400e-06
   1.5525847e+02   6.1000000e-03   7.1036400e-06
   1.5550808e+02   6.1000000e-03   7.1036400e-06
   1.5575770e+02   6.1000000e-03   7.1036400e-06
   1.5600731e+02   6.1000000e-03   7.1036400e-06
   1.5625692e+02   6.1000000e-03   7.1036400e-06
   1.5650653e+02   6.1000000e-03   7.1036400e-06
   1.5675614e+02   6.1000000e-03   7.1036400e-06
   1.5700575e+02   6.1000000e-03   7.1036400e-06
   1.5725537e+02   6.1000000e-03   7.1036400e-06
   1.5750498e+02   6.1000000e-03   7.1036400e-06
   1.5775459e+02   6.1000000e-03   7.1036400e-06
   1.5800420e+02   6.1000000e-03   7.1036400e-06
   1.5825381e+02   6.1000000e-03   7.1036400e-06
   1.5850342e+02   6.1000000e-03   7.1036400e-06
   1.5875304e+02   6.1000000e-03   7.1036400e-06
   1.5900265e+02   6.1000000e-03   7.1036400e-06
   1.5925226e+02   6.1000000e-03   7.1036400e-06
   1.5950187e+02   6.1000000e-03   7.1036400e-06
   1.5975148e+02   6.1000000e-03   7.1036400e-06
   1.6000110e+02   6.1000000e-03   7.1036400e-06
   1.6025071e+02   6.1000000e-03   7.1036400e-06
   1.6050032e+02   6.1000000e-03   7.1036400e-06
   1.6074993e+02   6.1000000e-03   7.1036400e-06
   1.6099954e+02   6.1000000e-03   7.1036400e-06
   1.6124915e+02   6.1000000e-03   7.1036400e-06
   1.6149877e+02   6.1000000e-03   7.1036400e-06
   1.6174838e+02   6.1000000e-03   7.1036400e-06
   1.6199799e+02   6.1000000e-03   7.1036400e-06
   1.6224760e+02   6.1000000e-03   7.1036400e-06
   1.6249721e+02   6.1000000e-03   7.1036400e-06
   1.6274682e+02   6.1000000e-03   7.1036400e-06
   1.6299644e+02   6.1000000e-03   7.1036400e-06
   1.6324605e+02   6.1000000e-03   7.1036400e-06
   1.6349566e+02   6.1000000e-03   7.1036400e-06
   1.6374527e+02   6.1000000e-03   7.1036400e-06
   1.6399488e+02   6.1000000e-03   7.1036400e-06
   1.6424449e+02   6.1000000e-03   7.1036400e-06
   1.6449411e+02   6.1000000e-03   7.1036400e-06
   1.6474372e+02   6.1000000e-03   7.1036400e-06
   1.6499333e+02   6.1000000e-03   7.1036400e-06
   1.6524294e+02   6.1000000e-03   7.1036400e-06
   1.6549255e+02   6.1000000e-03   7.1036400e-06
   1.6574216e+02   6.1000000e-03   7.1036400e-06
   1.6599178e+02   6.1000000e-03   7.1036400e-06
   1.6624139e+02   6.1000000e-03   7.1036400e-06
   1.6649100e+02   6.1000000e-03   7.1036400e-06
   1.6674061e+02   6.1000000e-03   7.1036400e-06
   1.6699022e+02   6.1000000e-03   7.1036400e-06
   1.6723983e+02   6.1000000e-03   7.1036400e-06
   1.6748945e+02   6.1000000e-03   7.1036400e-06
   1.6773906e+02   6.1000000e-03   7.1036400e-06
   1.6798867e+02   6.1000000e-03   7.1036400e-06
   1.6823828e+02   6.1000000e-03   7.1036400e-06
   1.6848789e+02   6.1000000e-03   7.1036400e-06
   1.6873750e+02   6.1000000e-03   7.1036400e-06
   1.6898712e+02   6.1000000e-03   7.1036400e-06
   1.6923673e+02   6.1000000e-03   7.1036400e-06
   1.6948634e+02   6.1000000e-03   7.1036400e-06
   1.6973595e+02   6.1000000e-03   7.1036400e-06
   1.6998556e+02   6.1000000e-03   7.1036400e-06
   1.7023517e+02   6.1000000e-03   7.1036400e-06
   1.7048479e+02   6.1000000e-03   7.1036400e-06
   1.7073440e+02   6.1000000e-03   7.1036400e-06
   1.7098401e+02   6.1000000e-03   7.1036400e-06
   1.7123362e+02   6.1000000e-03   7.1036400e-06
   1.7148323e+02   6.1000000e-03   7.1036400e-06
   1.7173284e+02   6.1000000e-03   7.1036400e-06
   1.7198246e+02   6.1000000e-03   7.1036400e-06
   1.7223207e+02   6.1000000e-03   7.1036400e-06
   1.7248168e+02   6.1000000e-03   7.1036400e-06
   1.7273129e+02   6.1000000e-03   7.1036400e-06
   1.7298090e+02   6.1000000e-03   7.1036400e-06
   1.7323051e+02   6.1000000e-03   7.1036400e-06
   1.7348013e+02   6.1000000e-03   7.1036400e-06
   1.7372974e+02   6.1000000e-03   7.1036400e-06
   1.7397935e+02   6.1000000e-03   7.1036400e-06
   1.7422896e+02   6.1000000e-03   7.1036400e-06
   1.7447857e+02   6.1000000e-03   7.1036400e-06
   1.7472818e+02   6.1000000e-03   7.1036400e-06
   1.7497780e+02   6.1000000e-03   7.1036400e-06
   1.7522741e+02   6.1000000e-03   7.1036400e-06
   1.7547702e+02   6.1000000e-03   7.1036400e-06
   1.7572663e+02   6.1000000e-03   7.1036400e-06
   1.7597624e+02   6.1000000e-03   7.1036400e-06
   1.7622586e+02   6.1000000e-03   7.1036400e-06
   1.7647547e+02   6.1000000e-03   7.1036400e-06
   1.7672508e+02   6.1000000e-03   7.1036400e-06
   1.7697469e+02   6.1000000e-03   7.1036400e-06
   1.7722430e+02   6.1000000e-03   7.1036400e-06
   1.7747391e+02   6.1000000e-03   7.1036400e-06
   1.7772353e+02   6.1000000e-03   7.1036400e-06
   1.7797314e+02   6.1000000e-03   7.1036400e-06
   1.7822275e+02   6.1000000e-03   7.1036400e-06
   1.7847236e+02   6.1000000e-03   7.1036400e-06
   1.7872197e+02   6.1000000e-03   7.1036400e-06
   1.7897158e+02   6.1000000e-03   7.1036400e-06
   1.7922120e+02   6.1000000e-03   7.1036400e-06
   1.7947081e+02   6.1000000e-03   7.1036400e-06
   1.7972042e+02   6.1000000e-03   7.1036400e-06
   1.7997003e+02   6.1000000e-03   7.1036400e-06
   1.8021964e+02   6.1000000e-03   7.1036400e-06
   1.8046925e+02   6.1000000e-03   7.1036400e-06
   1.8071887e+02   6.1000000e-03   7.1036400e-06
   1.8096848e+02   6.1000000e-03   7.1036400e-06
   1.8121809e+02   6.1000000e-03   7.1036400e-06
   1.8146770e+02   6.1000000e-03   7.1036400e-06
   1.8171731e+02   6.1000000e-03   7.1036400e-06
   1.8196692e+02   6.1000000e-03   7.1036400e-06
   1.8221654e+02   6.1000000e-03   7.1036400e-06
   1.8246615e+02   6.1000000e-03   7.1036400e-06
   1.8271576e+02   6.1000000e-03   7.1036400e-06
   1.8296537e+02   6.1000000e-03   7.1036400e-06
   1.8321498e+02   6.1000000e-03   7.1036400e-06
   1.8346459e+02   6.1000000e-03   7.1036400e-06
   1.8371421e+02   6.1000000e-03   7.1036400e-06
   1.8396382e+02   6.1000000e-03   7.1036400e-06
   1.8421343e+02   6.1000000e-03   7.1036400e-06
   1.8446304e+02   6.1000000e-03   7.1036400e-06
   1.8471265e+02   6.1000000e-03   7.1036400e-06
   1.8496226e+02   6.1000000e-03   7.1036400e-06
   1.8521188e+02   6.1000000e-03   7.1036400e-06
   1.8546149e+02   6.1000000e-03   7.1036400e-06
   1.8571110e+02   6.1000000e-03   7.1036400e-06
   1.8596071e+02   6.1000000e-03   7.1036400e-06
   1.8621032e+02   6.1000000e-03   7.1036400e-06
   1.8645993e+02   6.1000000e-03   7.1036400e-06
   1.8670955e+02   6.1000000e-03   7.1036400e-06
   1.8695916e+02   6.1000000e-03   7.1036400e-06
   1.8720877e+02   6.1000000e-03   7.1036400e-06
   1.8745838e+02   6.1000000e-03   7.1036400e-06
   1.8770799e+02   6.1000000e-03   7.1036400e-06
   1.8795760e+02   6.1000000e-03   7.1036400e-06
   1.8820722e+02   6.1000000e-03   7.1036400e-06
   1.8845683e+02   6.1000000e-03   7.1036400e-06
   1.8870644e+02   6.1000000e-03   7.1036400e-06
   1.8895605e+02   6.1000000e-03   7.1036400e-06
   1.8920566e+02   6.1000000e-03   7.1036400e-06
   1.8945527e+02   6.1000000e-03   7.1036400e-06
   1.8970489e+02   6.1000000e-03   7.1036400e-06
   1.8995450e+02   6.1000000e-03   7.1036400e-06
   1.9020411e+02   6.1000000e-03   7.1036400e-06
   1.9045372e+02   6.1000000e-03   7.1036400e-06
   1.9070333e+02   6.1000000e-03   7.1036400e-06
   1.9095295e+02   6.1000000e-03   7.1036400e-06
   1.9120256e+02   6.1000000e-03   7.1036400e-06
   1.9145217e+02   6.1000000e-03   7.1036400e-06
   1.9170178e+02   6.1000000e-03   7.1036400e-06
   1.9195139e+02   6.1000000e-03   7.1036400e-06
   1.9220100e+02   6.1000000e-03   7.1036400e-06
   1.9245062e+02   6.1000000e-03   7.1036400e-06
   1.9270023e+02   6.1000000e-03   7.1036400e-06
   1.9294984e+02   6.1000000e-03   7.1036400e-06
   1.9319945e+02   6.1000000e-03   7.1036400e-06
   1.9344906e+02   6.1000000e-03   7.1036400e-06
   1.9369867e+02   6.1000000e-03   7.1036400e-06
   1.9394829e+02   6.1000000e-03   7.1036400e-06
   1.9419790e+02   6.1000000e-03   7.1036400e-06
   1.9444751e+02   6.1000000e-03   7.1036400e-06
   1.9469712e+02   6.1000000e-03   7.1036400e-06
   1.9494673e+02   6.1000000e-03   7.1036400e-06
   1.9519634e+02   6.1000000e-03   7.1036400e-06
   1.9544596e+02   6.1000000e-03   7.1036400e-06
   1.9569557e+02   6.1000000e-03   7.1036400e-06
   1.9594518e+02   6.1000000e-03   7.1036400e-06
   1.9619479e+02   6.1000000e-03   7.1036400e-06
   1.9644440e+02   6.1000000e-03   7.1036400e-06
   1.9669401e+02   6.1000000e-03   7.1036400e-06
   1.9694363e+02   6.1000000e-03   7.1036400e-06
   1.9719324e+02   6.1000000e-03   7.1036400e-06
   1.9744285e+02   6.1000000e-03   7.1036400e-06
   1.9769246e+02   6.1000000e-03   7.1036400e-06
   1.9794207e+02   6.1000000e-03   7.1036400e-06
   1.9819168e+02   6.1000000e-03   7.1036400e-06
   1.9844130e+02   6.1000000e-03   7.1036400e-06
   1.9869091e+02   6.1000000e-03   7.1036400e-06
   1.9894052e+02   6.1000000e-03   7.1036400e-06
   1.9919013e+02   6.1000000e-03   7.1036400e-06
   1.9943974e+02   6.1000000e-03   7.1036400e-06
   1.9968935e+02   6.1000000e-03   7.1036400e-06
   1.9993897e+02   6.1000000e-03   7.1036400e-06
   2.0018858e+02   6.1000000e-03   7.1036400e-06
   2.0043819e+02   6.1000000e-03   7.1036400e-06
   2.0068780e+02   6.1000000e-03   7.1036400e-06
   2.0093741e+02   6.1000000e-03   7.1036400e-06
   2.0118702e+02   6.1000000e-03   7.1036400e-06
   2.0143664e+02   6.1000000e-03   7.1036400e-06
   2.0168625e+02   6.1000000e-03   7.1036400e-06
   2.0193586e+02   6.1000000e-03   7.1036400e-06
   2.0218547e+02   6.1000000e-03   7.1036400e-06
   2.0243508e+02   6.1000000e-03   7.1036400e-06
   2.0268469e+02   6.1000000e-03   7.1036400e-06
   2.0293431e+02   6.1000000e-03   7.1036400e-06
   2.0318392e+02   6.1000000e-03   7.1036400e-06
   2.0343353e+02   6.1000000e-03   7.1036400e-06
   2.0368314e+02   6.1000000e-03   7.1036400e-06
   2.0393275e+02   6.1000000e-03   7.1036400e-06
   2.0418236e+02   6.1000000e-03   7.1036400e-06
   2.0443198e+02   6.1000000e-03   7.1036400e-06
   2.0468159e+02   6.1000000e-03   7.1036400e-06
   2.0493120e+02   6.1000000e-03   7.1036400e-06
   2.0518081e+02   6.1000000e-03   7.1036400e-06
   2.0543042e+02   6.1000000e-03   7.1036400e-06
   2.0568003e+02   6.1000000e-03   7.1036400e-06
   2.0592965e+02   6.1000000e-03   7.1036400e-06
   2.0617926e+02   6.1000000e-03   7.1036400e-06
   2.0642887e+02   6.1000000e-03   7.1036400e-06
   2.0667848e+02   6.1000000e-03   7.1036400e-06
   2.0692809e+02   6.1000000e-03   7.1036400e-06
   2.0717771e+02   6.1000000e-03   7.1036400e-06
   2.0742732e+02   6.1000000e-03   7.1036400e-06
   2.0767693e+02   6.1000000e-03   7.1036400e-06
   2.0792654e+02   6.1000000e-03   7.1036400e-06
   2.0817615e+02   6.1000000e-03   7.1036400e-06
   2.0842576e+02   6.1000000e-03   7.1036400e-06
   2.0867538e+02   6.1000000e-03   7.1036400e-06
   2.0892499e+02   6.1000000e-03   7.1036400e-06
   2.0917460e+02   6.1000000e-03   7.1036400e-06
   2.0942421e+02   6.1000000e-03   7.1036400e-06
   2.0967382e+02   6.1000000e-03   7.1036400e-06
   2.0992343e+02   6.1000000e-03   7.1036400e-06
   2.1017305e+02   6.1000000e-03   7.1036400e-06
   2.1042266e+02   6.1000000e-03   7.1036400e-06
   2.1067227e+02   6.1000000e-03   7.1036400e-06
   2.1092188e+02   6.1000000e-03   7.1036400e-06
   2.1117149e+02   6.1000000e-03   7.1036400e-06
   2.1142110e+02   6.1000000e-03   7.1036400e-06
   2.1167072e+02   6.1000000e-03   7.1036400e-06
   2.1192033e+02   6.1000000e-03   7.1036400e-06
   2.1216994e+02   6.1000000e-03   7.1036400e-06
   2.1241955e+02   6.1000000e-03   7.1036400e-06
   2.1266916e+02   6.1000000e-03   7.1036400e-06
   2.1291877e+02   6.1000000e-03   7.1036400e-06
   2.1316839e+02   6.1000000e-03   7.1036400e-06
   2.1341800e+02   6.1000000e-03   7.1036400e-06
   2.1366761e+02   6.1000000e-03   7.1036400e-06
   2.1391722e+02   6.1000000e-03   7.1036400e-06
   2.1416683e+02   6.1000000e-03   7.1036400e-06
   2.1441644e+02   6.1000000e-03   7.1036400e-06
   2.1466606e+02   6.1000000e-03   7.1036400e-06
   2.1491567e+02   6.1000000e-03   7.1036400e-06
   2.1516528e+02   6.1000000e-03   7.1036400e-06
   2.1541489e+02   6.1000000e-03   7.1036400e-06
   2.1566450e+02   6.1000000e-03   7.1036400e-06
   2.1591411e+02   6.1000000e-03   7.1036400e-06
   2.1616373e+02   6.1000000e-03   7.1036400e-06
   2.1641334e+02   6.1000000e-03   7.1036400e-06
   2.1666295e+02   6.1000000e-03   7.1036400e-06
   2.1691256e+02   6.1000000e-03   7.1036400e-06
   2.1716217e+02   6.1000000e-03   7.1036400e-06
   2.1741178e+02   6.1000000e-03   7.1036400e-06
   2.1766140e+02   6.1000000e-03   7.1036400e-06
   2.1791101e+02   6.1000000e-03   7.1036400e-06
   2.1816062e+02   6.1000000e-03   7.1036400e-06
   2.1841023e+02   6.1000000e-03   7.1036400e-06
   2.1865984e+02   6.1000000e-03   7.1036400e-06
   2.1890945e+02   6.1000000e-03   7.1036400e-06
   2.1915907e+02   6.1000000e-03   7.1036400e-06
   2.1940868e+02   6.1000000e-03   7.1036400e-06
   2.1965829e+02   6.1000000e-03   7.1036400e-06
   2.1990790e+02   6.1000000e-03   7.1036400e-06
   2.2015751e+02   6.1000000e-03   7.1036400e-06
   2.2040712e+02   6.1000000e-03   7.1036400e-06
   2.2065674e+02   6.1000000e-03   7.1036400e-06
   2.2090635e+02   6.1000000e-03   7.1036400e-06
   2.2115596e+02   6.1000000e-03   7.1036400e-06
   2.2140557e+02   6.1000000e-03   7.1036400e-06
   2.2165518e+02   6.1000000e-03   7.1036400e-06
   2.2190479e+02   6.1000000e-03   7.1036400e-06
   2.2215441e+02   6.1000000e-03   7.1036400e-06
   2.2240402e+02   6.1000000e-03   7.1036400e-06
   2.2265363e+02   6.1000000e-03   7.1036400e-06
   2.2290324e+02   6.1000000e-03   7.1036400e-06
   2.2315285e+02   6.1000000e-03   7.1036400e-06
   2.2340247e+02   6.1000000e-03   7.1036400e-06
   2.2365208e+02   6.1000000e-03   7.1036400e-06
   2.2390169e+02   6.1000000e-03   7.1036400e-06
   2.2415130e+02   6.1000000e-03   7.1036400e-06
   2.2440091e+02   6.1000000e-03   7.1036400e-06
   2.2465052e+02   6.1000000e-03   7.1036400e-06
   2.2490014e+02   6.1000000e-03   7.1036400e-06
   2.2514975e+02   6.1000000e-03   7.1036400e-06
   2.2539936e+02   6.1000000e-03   7.1036400e-06
   2.2564897e+02   6.1000000e-03   7.1036400e-06
   2.2589858e+02   6.1000000e-03   7.1036400e-06
   2.2614819e+02   6.1000000e-03   7.1036400e-06
   2.2639781e+02   6.1000000e-03   7.1036400e-06
   2.2664742e+02   6.1000000e-03   7.1036400e-06
   2.2689703e+02   6.1000000e-03   7.1036400e-06
   2.2714664e+02   6.1000000e-03   7.1036400e-06
   2.2739625e+02   6.1000000e-03   7.1036400e-06
   2.2764586e+02   6.1000000e-03   7.1036400e-06
   2.2789548e+02   6.1000000e-03   7.1036400e-06
   2.2814509e+02   6.1000000e-03   7.1036400e-06
   2.2839470e+02   6.1000000e-03   7.1036400e-06
   2.2864431e+02   6.1000000e-03   7.1036400e-06
   2.2889392e+02   6.1000000e-03   7.1036400e-06
   2.2914353e+02   6.1000000e-03   7.1036400e-06
   2.2939315e+02   6.1000000e-03   7.1036400e-06
   2.2964276e+02   6.1000000e-03   7.1036400e-06
   2.2989237e+02   6.1000000e-03   7.1036400e-06
   2.3014198e+02   6.1000000e-03   7.1036400e-06
   2.3039159e+02   6.1000000e-03   7.1036400e-06
   2.3064120e+02   6.1000000e-03   7.1036400e-06
   2.3089082e+02   6.1000000e-03   7.1036400e-06
   2.3114043e+02   6.1000000e-03   7.1036400e-06
   2.3139004e+02   6.1000000e-03   7.1036400e-06
   2.3163965e+02   6.1000000e-03   7.1036400e-06
   2.3188926e+02   6.1000000e-03   7.1036400e-06
   2.3213887e+02   6.1000000e-03   7.1036400e-06
   2.3238849e+02   6.1000000e-03   7.1036400e-06
   2.3263810e+02   6.1000000e-03   7.1036400e-06
   2.3288771e+02   6.1000000e-03   7.1036400e-06
   2.3313732e+02   6.1000000e-03   7.1036400e-06
   2.3338693e+02   6.1000000e-03   7.1036400e-06
   2.3363654e+02   6.1000000e-03   7.1036400e-06
   2.3388616e+02   6.1000000e-03   7.1036400e-06
   2.3413577e+02   6.1000000e-03   7.1036400e-06
   2.3438538e+02   6.1000000e-03   7.1036400e-06
   2.3463499e+02   6.1000000e-03   7.1036400e-06
   2.3488460e+02   6.1000000e-03   7.1036400e-06
   2.3513421e+02   6.1000000e-03   7.1036400e-06
   2.3538383e+02   6.1000000e-03   7.1036400e-06
   2.3563344e+02   6.1000000e-03   7.1036400e-06
   2.3588305e+02   6.1000000e-03   7.1036400e-06
   2.3613266e+02   6.1000000e-03   7.1036400e-06
   2.3638227e+02   6.1000000e-03   7.1036400e-06
   2.3663188e+02   6.1000000e-03   7.1036400e-06
   2.3688150e+02   6.1000000e-03   7.1036400e-06
   2.3713111e+02   6.1000000e-03   7.1036400e-06
   2.3738072e+02   6.1000000e-03   7.1036400e-06
   2.3763033e+02   6.1000000e-03   7.1036400e-06
   2.3787994e+02   6.1000000e-03   7.1036400e-06
   2.3812955e+02   6.1000000e-03   7.1036400e-06
   2.3837917e+02   6.1000000e-03   7.1036400e-06
   2.3862878e+02   6.1000000e-03   7.1036400e-06
   2.3887839e+02   6.1000000e-03   7.1036400e-06
   2.3912800e+02   6.1000000e-03   7.1036400e-06
   2.3937761e+02   6.1000000e-03   7.1036400e-06
   2.3962723e+02   6.1000000e-03   7.1036400e-06
   2.3987684e+02   6.1000000e-03   7.1036400e-06
   2.4012645e+02   6.1000000e-03   7.1036400e-06
   2.4037606e+02   6.1000000e-03   7.1036400e-06
   2.4062567e+02   6.1000000e-03   7.1036400e-06
   2.4087528e+02   6.1000000e-03   7.1036400e-06
   2.4112490e+02   6.1000000e-03   7.1036400e-06
   2.4137451e+02   6.1000000e-03   7.1036400e-06
   2.4162412e+02   6.1000000e-03   7.1036400e-06
   2.4187373e+02   6.1000000e-03   7.1036400e-06
   2.4212334e+02   6.1000000e-03   7.1036400e-06
   2.4237295e+02   6.1000000e-03   7.1036400e-06
   2.4262257e+02   6.1000000e-03   7.1036400e-06
   2.4287218e+02   6.1000000e-03   7.1036400e-06
   2.4312179e+02   6.1000000e-03   7.1036400e-06
   2.4337140e+02   6.1000000e-03   7.1036400e-06
   2.4362101e+02   6.1000000e-03   7.1036400e-06
   2.4387062e+02   6.1000000e-03   7.1036400e-06
   2.4412024e+02   6.1000000e-03   7.1036400e-06
   2.4436985e+02   6.1000000e-03   7.1036400e-06
   2.4461946e+02   6.1000000e-03   7.1036400e-06
   2.4486907e+02   6.1000000e-03   7.1036400e-06
   2.4511868e+02   6.1000000e-03   7.1036400e-06
   2.4536829e+02   6.1000000e-03   7.1036400e-06
   2.4561791e+02   6.1000000e-03   7.1036400e-06
   2.4586752e+02   6.1000000e-03   7.1036400e-06
   2.4611713e+02   6.1000000e-03   7.1036400e-06
   2.4636674e+02   6.1000000e-03   7.1036400e-06
   2.4661635e+02   6.1000000e-03   7.1036400e-06
   2.4686596e+02   6.1000000e-03   7.1036400e-06
   2.4711558e+02   6.1000000e-03   7.1036400e-06
   2.4736519e+02   6.1000000e-03   7.1036400e-06
   2.4761480e+02   6.1000000e-03   7.1036400e-06
   2.4786441e+02   6.1000000e-03   7.1036400e-06
   2.4811402e+02   6.1000000e-03   7.1036400e-06
   2.4836363e+02   6.1000000e-03   7.1036400e-06
   2.4861325e+02   6.1000000e-03   7.1036400e-06
   2.4886286e+02   6.1000000e-03   7.1036400e-06
   2.4911247e+02   6.1000000e-03   7.1036400e-06
   2.4936208e+02   6.1000000e-03   7.1036400e-06
